22074 1772526518
22140 1773045160
22160 1773096564
22168 1773140503
22206 1773194341
22249 1773277277
22287 1773316747
22324 1773574990
22334 1773627107
22337 1773646656
22338 1773647432
22346 1773706268
22355 1773833903
22369 1773919640
22373 1773920166
22375 1773920545
22379 1773925186
22382 1773988392
22387 1774071358
22390 1774101465
22393 1774109331
22396 1774119288
22399 1774130959
22402 1774187959
22406 1774250720
22409 1774311951
22412 1774364424
22415 1774404301
22420 1774418306
22447 1774461930
22452 1774517766
22455 1774547494
22458 1774595930
22461 1774608562
22465 1774619719
22473 1774655965
22476 1774688790
22479 1774706880
22484 1774726761
22487 1774758961
22492 1774784340
22495 1774797132
22498 1774856737
22506 1774866371
