22074
22140
22160
22168
22206
22249
22287
22324
22334
22337
22338
22346
22355
22369
22373
22375
22379
22382
22387
22390
22393
22396
22399
22402
22406
22409
22412
22415
22420
22447
22452
22455
22458
22461
22465
22473
22476
22479
22484
22487
22492
22495
22498
22506
22521
22525
22531
22535
22538
22549
22552
22555
22559
22599
22603
22607
22611
22617
22621
22625
22628
22644
22669
22677
22686
22692
22699
22704
22707
22722
22733
22743
22748
22752
22755
22758
22763
22788
22796
22818
22830
22842
22848
22853
22867
22870
22878
22883
22886
22891
22894
22901
22904
22907
22910
22913
22916
22919
22922
22925
22930
22942
22946
22957
22961
22966
22971
22974
22977
22985
22988
22994
22998
23003
23007
23012
23015
23019
23023
23026
23029
23032
23035
23040
23045
23051
23056
23061
23064
23069
23072
23075
23080
23085
23088
23095
23119
23126
23132
23137
23140
23145
23150
23153
23158
23161
23164
23167
23170
23174
23177
23180
23183
23187
23194
23200
23206
23212
23216
23223
23227
23235
23239
23248
23252
23259
23269
23279
23289
23293
23300
23304
23307
23311
23318
23322
23330
23333
23336
23339
23344
23349
23354
23357
23360
23363
23368
23372
23375
23378
23381
23386
23390
23393
23396
23399
23402
23407
23411
23414
23418
23421
23426
23429
23432
23435
23438
23442
23446
23450
23455
23458
23461
23465
23476
23481
23484
23487
23492
23497
23500
